Average: 0.5091798581809631
Variance: 0.08395708819952269
Standard Deviation: 0.2897534955777457
